1004
1024
1076
1099
1100
1120
1132
1136
1285
1327
1410
1450
1455
1542
1655
1674
1687
1700
1707
1712
1838
1858
1861
1883
1895
1943
1967
1987
1997
1998
1999
2102
2109
2171
2237
2289
2368
2452
2490
2518
2550
2583
2607
2629
2725
2756
2777
2809
2835
2944
2952
2991
3063
3070
3109
3115
3205
3238
3249
3255
3305
3329
3351
3364
3387
3400
3403
3542
3546
3551
3556
3563
3640
3682
3751
3765
3802
3836
3841
3850
3879
3888
3928
4007
4093
4108
4164
4187
4289
4295
4310
4336
4385
4421
4527
4567
4603
4607
4666
4696
4715
4844
4862
4870
4935
5000
5035
5037
5082
5135
5166
5173
5290
5304
5315
5332
5336
5393
5516
5519
5524
5581
5668
5732
5741
5799
5808
5810
5878
5886
5892
5913
5970
5990
6040
6057
6066
6154
6161
6172
6257
6397
6472
6499
6540
6607
6643
6668
6712
6753
6800
6832
6884
6891
6988
7003
7021
7037
7070
7084
7113
7116
7147
7152
7272
7289
7344
7369
7382
7395
7431
7483
7523
7540
7585
7597
7671
7756
7758
7770
7822
7840
7874
7974
7976
8095
8111
8112
8120
8189
8231
8235
8311
8372
8376
8394
8454
8487
8513
8597
8608
8725
8728
8811
8812
8922
8930
9022
9065
9106
9109
9118
9222
9251
9254
9329
9333
9378
9446
9495
9673
9703
9861
9872
9903
9988
