1010
1095
1130
1143
1225
1299
1334
1365
1517
1543
1607
1624
1639
1684
1698
1762
1897
1903
1978
2042
2062
2086
2213
2274
2329
2686
2746
2826
2910
3067
3196
3229
3268
3286
3457
3461
3537
3577
3608
3670
3700
3714
3857
3969
3978
4211
4218
4559
4975
5025
5144
5157
5300
5337
5347
5384
5474
5490
5638
5837
5939
5975
5990
5997
6100
6202
6266
6338
6343
6498
6502
6532
6534
6580
6621
6828
6930
6999
7057
7228
7413
7438
7444
7456
7491
7509
7576
7723
7840
7885
8189
8361
8449
8454
8467
8476
8491
8631
8691
8758
8842
8846
8910
8957
9003
9313
9316
9391
9459
9628
9654
9761
9801
9865
9881
9906
